generation	subpopulation	best estimate	genome	ground truth	entropy
0	0	0.85	0111010100101101100100000111110011100001101111010110000100011110	0.59375	0.9910466073173115
1	0	0.9	0000010110111001001011000001010110100010111100100000010110111111	0.59375	0.9675764148309745
2	0	0.9	0100000110111101100100000111110011100001101011010110000100011011	0.625	0.9437358409890813
3	0	0.8	1111010001001101000001101100100100110000000001010001100000110001	0.625	0.9382193705616042
4	0	0.85	1110111110011011001001010110101010101011001011110001001001110011	0.625	0.9305892806288025
5	0	0.85	1111010001001101100001101000100100001101001101000111101010000111	0.65625	0.9280809637574935
6	0	0.85	1011111111000101101010011011001011100111110001011001010111011011	0.65625	0.8949727860146957
7	0	0.9	0110111001001101100100100111001100100011001011110001001001110011	0.75	0.8938727102011026
8	0	0.9	0000011000001101100001101000100100001101001011110001001001110010	0.6875	0.8762889412280669
9	0	0.85	0000011000001101100001101000100101100011110001000000000100011100	0.625	0.8577852040424635
10	0	0.85	1111100001101101100001101000100100001101001011110001001001110010	0.625	0.8534596427227171
11	0	0.85	1110101101101101110110010110110010001101001011110001001000100011	0.6875	0.8446317475022731
12	0	0.9	1110101101100101101111100111001011100111100001011110101011110010	0.71875	0.8319078620475888
13	0	0.85	1111100001100101100100100111001111100010000101101000101001101011	0.625	0.8260718594766642
14	0	0.85	0111111010101101110110010111100011100001100001000000000100011100	0.65625	0.824369482881853
15	0	0.9	1110111011001101100101110000100101100011110010011000000100011100	0.65625	0.8122240508402743
16	0	0.85	0110111001001101100001000001100100001110110011011001001000100011	0.6875	0.7757569331890825
17	0	0.85	0110111110111111111101110000100101101101001011110001001001110011	0.65625	0.7543353913291737
18	0	0.85	1110111011000101100100100111001111100110000101011110001001110011	0.78125	0.7485463020065273
19	0	0.8	0110111110111111111101110001001011101111100101100000000100011110	0.65625	0.7506210875242514
20	0	0.95	0110111001001101100001000001100100001110110011011000000100011100	0.78125	0.7413982930080077
21	0	0.9	0110111110111001110100100110101100011101001111110001100101001110	0.65625	0.7477094251162991
22	0	0.95	0110111001111101000100000011000011101111100001000000000100011110	0.65625	0.7656036955437495
23	0	0.9	1101111011111101001000101000100111101110100111010110000001101000	0.6875	0.7603111018770605
24	0	0.95	1100111010001101110001000001100100010110110011011100001001110001	0.6875	0.74053486975507
25	0	0.95	1100111011111101000000001000110101100001001111110000000100011110	0.6875	0.7349282602673984
26	0	1.0	0110111001001001100001000000000011101110100010011000001001110001	0.71875	0.7207428820730857
27	0	0.95	0110111011001101000101000011000011101110110011001001001000101100	0.75	0.7198733520130464
28	0	0.9	0010111001001001000100000111100100101110110011010001100001101100	0.8125	0.7272923520728458
29	0	0.85	1100111011111101000010001000110101101110111011011010000000110101	0.6875	0.7069221968591656
30	0	0.8	0110111011101101000001000000100100100011010010010000000001111101	0.6875	0.6996766208454434
31	0	0.85	1110011011100001100001100001100100101110100000011000001001110001	0.71875	0.7058498295059548
32	0	0.85	0010111011001001000001100000100100101110100010011000001001110001	0.78125	0.6853385421797581
33	0	0.9	1110111001101001001011100001100011101110100010010001000100011100	0.6875	0.6528054675000535
34	0	0.9	0110111011111100000001000000100100100011010010010000000000110110	0.71875	0.6724657368708992
35	0	0.95	0110111011011101100101100011000011101110110011001001000000110110	0.78125	0.6647628029993562
36	0	0.85	0110111011011101100100010111100100101110000011011001100001001000	0.71875	0.6659567894444681
37	0	0.9	0110111101001001100100010111100100101110100010010100000100110101	0.71875	0.6796351920772288
38	0	0.9	1010011011101001000001100011100011101110111011001000001001110001	0.71875	0.6839137403744553
39	0	0.95	0110111011001101001000100011000001101110110010011000001001110001	0.84375	0.6653129646231081
40	0	0.95	0110111111001101101000000011000100101111110010001000001001110001	0.8125	0.6507430039629272
41	0	0.9	0110111111001001001010000011000100101111110010011000101001111101	0.78125	0.6676529891716907
42	0	0.95	0110111111001101000001100011000000101111110010010000000100110100	0.8125	0.6638754992042036
43	0	0.95	1100111001101001000000011111000111001111010010010100000101111100	0.78125	0.6427796970081654
44	0	0.95	0110111011001101001000101011000000101110111010001000001001110000	0.75	0.6338626430123809
45	0	0.95	0110111111001001001010000111000111001111010010010010000101111101	0.78125	0.61589558249036
46	0	0.9	0110111111001101000001100011100011101111110010011000111001111101	0.78125	0.6004727386123576
47	0	0.9	0110111111001101000001100011000011101111111010001000001001110000	0.78125	0.5989224969169817
48	0	0.95	0110111011001001001000000111100101101110110010010010000101110001	0.9375	0.5665313167797195
49	0	0.9	1100111001101001100000000011000111101111110010011000100010110001	0.8125	0.5425929025572861
50	0	0.95	1100111010101001000101010011000111101110110011001000001001110000	0.625	0.52913595764515
51	0	0.95	1100111001101001000100000111000111101111110010011001100001111101	0.75	0.5288094627927071
52	0	0.95	0110011111001001000001100111001100101111010010010010111001110000	0.78125	0.5334290382920456
53	0	0.95	0110111111001011001000110111001111101110110011001010001101110001	0.78125	0.5198262314071779
54	0	0.95	0110111001001101101001110111000000101110110010011000001001110000	0.8125	0.5344631931262627
55	0	1.0	0110111001001101101000000111000000101110110010011000000001110000	0.875	0.5526040105525563
56	0	0.975	0110111001001101101000000111000000101110110010011000000001110000	0.875	0.5272458449292399
57	0	0.95	0110111111001101001001000110000011101111110110010000001001111101	0.6875	0.5394453144969997
58	0	1.0	0110111111001001000000001111000111101011110010010000000001110000	0.875	0.4878600651864597
59	0	0.95	0110111111001001101000010011000001101111110010011011100001110001	0.84375	0.47124182871921866
60	0	1.0	0110111111001001111000000111010011101111110010011000001001110000	0.84375	0.4611137419932571
61	0	1.0	0110111111001011101000010111000001101111110010010011110001110000	0.8125	0.457501689980839
62	0	1.0	0110011101001101001001000111000000101111110010011000000001110000	0.78125	0.46251147612755594
63	0	0.9	0110111111001101101000100111010011101111110010011000000001110000	0.84375	0.5044108238261519
64	0	0.95	0110111111001101001000100111010111100111110010110011110001110001	0.71875	0.5027493423491676
65	0	1.0	0110111111011000001000000111000001101110110010000011000001110000	0.90625	0.4951803025317989
66	0	1.0	0110011111001001001000000111000000101110110010011000000001110000	0.84375	0.46312506395806835
67	0	1.0	0100111111001101101001000111000001101110111010011100000001110000	0.78125	0.45213271632402535
68	0	1.0	0110111001001101001000000111000001101110110010010011110001110000	0.84375	0.43429915978763534
69	0	1.0	0110111001101101001000000111000001101110110010011000000001110000	0.84375	0.40648259081402255
70	0	1.0	0110111001001001001000000111000001101110110010011010000001110000	0.9375	0.4077809247611335
71	0	1.0	0110111111001001001000000111000001101110110010010010000001110000	0.96875	0.3767941071896933
72	0	1.0	0110111111001001001000000111000001101110110010011001000001110000	0.875	0.360845049613744
73	0	1.0	0111111001001001001001000111000001101110110010010011110001110000	0.875	0.3372692145949083
74	0	1.0	0110111001001001001000000111000001101110110010011000000001110000	0.90625	0.3319566332929302
75	0	1.0	0110111001001001001000000111000001101110110010011000000001110000	0.90625	0.3006382252664897
76	0	1.0	0110111001001001001000000111000000101110110010010010110001110000	0.875	0.2870182754369869
77	0	1.0	0110111011001001001000000111000000101110111010011000000001110000	0.875	0.2806024475457286
78	0	1.0	0110111001001001001000000111000001101110110010001000000001110000	0.875	0.277794078091824
79	0	1.0	0110111001001001001000000111000001101110110000010000000001110000	0.90625	0.25447998504443153
80	0	1.0	0110111011101001001000000101000001101110110010001000000001110000	0.84375	0.251478920709455
81	0	1.0	0110111011001001001001000111000001101110110010011010010001000000	0.90625	0.25690380528975904
82	0	1.0	0110111011101001001000000111000001101110110010011001000001110000	0.875	0.22418829200443172
83	0	1.0	0110111011101001001000000111000001101110110010011000000001110000	0.90625	0.21680808422957817
84	0	1.0	0110111011001001101000000110000001101110110010011010010001110000	0.9375	0.2140070029972609
85	0	1.0	0110111001001001001000000111000001101110110010010000000001110010	0.90625	0.24962741157485618
86	0	1.0	0110111001001001001000000110000001101110110010011000000001110000	0.875	0.2443528512752257
87	0	1.0	0110111001001001101000000110000001101110110010010000000001110010	0.84375	0.27291080705497245
88	0	1.0	0110111001001000001000000111000001101110110010011000000001110000	0.875	0.2799930471547475
89	0	1.0	0110111011001001101000000101000001101110110010011000000001110000	0.9375	0.299158400753469
90	0	1.0	0110111011001001001100000111100001101110110000010000100001110000	0.84375	0.3134991474386038
91	0	1.0	0110111011001000001000000110000001101110110010001010000001110000	0.9375	0.31131304043045727
92	0	1.0	0110101011001001101000000111000001100110110010011000000001110000	0.90625	0.334641387482465
93	0	1.0	0100111001001000001000000110000001101110110010001010000001110000	0.875	0.3350390671999397
94	0	1.0	0110111001001001001000000111000001101110110010011000000001110100	0.875	0.3140699715506985
95	0	1.0	0110111001001001001000000111000001101100110010011000010001110000	0.84375	0.308363805248538
96	0	1.0	0110101011001001101000001111001001101110110010011000000001110000	0.875	0.3224634695003395
97	0	1.0	0110111001001001001000000111000001101110110010010010000001110000	0.96875	0.30823098907560886
98	0	1.0	0010111001001011001000000111000001101110110010010010000001110000	0.90625	0.32126521982478523
99	0	1.0	0110111001001001011000010111001001101110110010011000000001110000	0.8125	0.33055797762509176
100	0	1.0	0110101011001001101000000111001101101110110010001100000001110000	0.8125	0.33741038662954537
101	0	1.0	0110110011001000000000000111001001101111111010001000000001110000	0.84375	0.3421351427443783
102	0	1.0	0110111011001001100000000111000001101110110010011000000001110000	1.0	0.3348868240988227
103	0	1.0	0100111111001001101000000110010001101110110010001000000001110000	0.8125	0.3229832173318377
104	0	1.0	0110111011001001101000000111001001101110110010011000000001110000	0.9375	0.30977360619465266
105	0	1.0	0110011011001011101000000111000001101110110010111000000001110000	0.9375	0.29520600912364575
106	0	1.0	0110111011001001100000000111000001101110110010011010000001110000	0.96875	0.29427714577104314
107	0	1.0	0110111011001011100000000111000001101110100010011010000001110000	0.90625	0.2960127936799895
108	0	1.0	0110111111001001100000010111000001101110110010011000000001110000	0.9375	0.2765346409863244
109	0	1.0	0110111011001011100000000110000001101110110010011000000001110000	0.9375	0.27339757621430216
110	0	1.0	0110111011001001101000000111000001101110110010011000000001110000	0.96875	0.252873073354056
111	0	1.0	0110111011001001101000000111000001101110110010011000000001110000	0.96875	0.23759375398865046
112	0	1.0	0110111011001001100000001111000001101110110010011010000001110000	0.9375	0.23474190041823495
113	0	1.0	0110111011001001101000001111000001101110110010011010000001110000	0.96875	0.25514322351514523
114	0	1.0	0110111011001001101000000111000001101110110010011000000101110000	0.9375	0.2676407008216478
115	0	1.0	0110110011001001100000000111000001101110110010011000000001110000	0.96875	0.253511118107864
116	0	1.0	0110111011001001101000000111000001111110111010011010000001111000	0.90625	0.25849755069824704
117	0	1.0	0110111011001001101000000111000001111110111010011010000011010000	0.875	0.27988657536511746
118	0	1.0	0110111011001001101000000110000001101110110010011010000001110000	0.96875	0.27809193895749007
119	0	1.0	0110111011001001101000000110000001101110110010011010000001110000	0.96875	0.28926068272550937
120	0	1.0	0110111011101001111000000111000011101110110010011010000001110100	0.875	0.29181903162260425
121	0	1.0	0110111011001001100000000110000001101110110110011010000001100000	0.9375	0.3081290826418791
122	0	1.0	0110111011011001111000000111000011101110110010011010000001010000	0.875	0.30124648716097985
123	0	1.0	0110111011001001101000000111000001101110110010011010000001110000	1.0	0.30216257428545046
124	0	1.0	0110111011001001101000000111000001101110100010011010000001110000	0.96875	0.3120960075127879
125	0	1.0	0110111011001001101000000110000001101110110010011010000001110000	0.96875	0.30478472558094616
126	0	1.0	0110111011001001100000010111000001101100100010011010000101110000	0.90625	0.3130877870265808
127	0	1.0	0110011011001000101000000110000001101110110010011010000001110000	0.90625	0.31456009623318587
128	0	1.0	0110111011001001101000000111000001101110110010011010001001110000	0.96875	0.2877010949273296
129	0	1.0	0110111011001001111000000111000001101110110010011010000001100000	0.9375	0.298075647749707
130	0	1.0	0110111011001001111000000111000001101110110110011010000001111000	0.90625	0.3081826117184436
131	0	1.0	0110111011001001101000010111000001101110110110011010000001110100	0.90625	0.2940085958400401
132	0	1.0	0110111011001001101000000011000001101111110000011010000001110000	0.90625	0.2882252615844525
133	0	1.0	0110111011001001101000000111000001101110100010011010000001110000	0.96875	0.2804153263794867
134	0	1.0	0110111011001001111000000111000001101110110010011010000001110000	0.96875	0.25765692781702143
135	0	1.0	0110111111001000101000000111000001101110100010011010000011110000	0.875	0.26260764419012966
136	0	1.0	0110111010001001101000000111000001101110111010011010000001110000	0.9375	0.2627005755481052
137	0	1.0	0110111010001001101000000011000001101110110010011010000001110000	0.9375	0.23380366859632945
138	0	1.0	0110111011001001101000000111000001101110110110011010000101110000	0.9375	0.2328407226157808
139	0	1.0	0110111011001001101000000111000001101110110010011010000001110000	1.0	0.22449986242348444
140	0	1.0	0110111001001001111000100111000001101110100010011010000001110000	0.875	0.1983882261508131
141	0	1.0	0110111011001001101000000111000001101110000010011010000001110000	0.9375	0.2170496977912479
142	0	1.0	0110111011011001101000000111000001101010110110011010000001110000	0.96875	0.218144645000373
143	0	1.0	0110111011001001101000000111000001101110110010011000000001110000	0.96875	0.19253352068479762
144	0	1.0	0110111011001001101000000011000000101010110010011010000001110000	0.90625	0.1912740627475371
145	0	1.0	0110111011001001101000000111000001101110110010011010000001110000	1.0	0.1775296368640166
146	0	1.0	0110111011001001101000000111000001111110110010011010000001110000	0.96875	0.1893201566162592
147	0	1.0	0110111011001001101000000111000001101110110010011010000001110000	1.0	0.202692111325325
148	0	1.0	0110111011001001101000000111000001101110110010011010000001110000	1.0	0.19469205230501974
149	0	1.0	0110111011001001111000000111000001101110110010011010000001110000	0.96875	0.1932764850116025
150	0	1.0	0110111011001001101000000111000001101110110010011010000001110000	1.0	0.17548744434154973
151	0	1.0	0110111011001001101000000111000001101110110010011010000001110000	1.0	0.1820342623283753
152	0	1.0	0110111011001001101000000111000001100110110010011110000011110000	0.90625	0.1899853568930484
153	0	1.0	0110111011001001101000000011000001101110110010011010000001110000	0.96875	0.19861102098079664
154	0	1.0	1110111011001001101000000111000001111110110010011010000001110000	0.9375	0.2126297915880211
155	0	1.0	0110111011001001101000000111000001101010110010010010100001110000	0.90625	0.22846441580152674
156	0	1.0	0110111011001001101000000111000001101110110010011010000001100000	0.96875	0.23033188709506128
157	0	1.0	0110111011001001101000000111000001111110110010011010000001110000	0.96875	0.20818072870383184
158	0	1.0	0110111011001001101000000111000001101110110010011110000001110000	0.96875	0.18819605825685173
159	0	1.0	0110111011001001101000000111000001101110110010011000000001110000	0.96875	0.19272654164989111
160	0	1.0	0110011001001001101000000111000001101110100010011010000001110000	0.90625	0.20261259805126206
161	0	1.0	0110111011001001101000000111000001101110100010011010000001110000	0.96875	0.20399135739381202
162	0	1.0	0110111011001001101000000111000001101110110010011010000001100000	0.96875	0.20865972757794374
163	0	1.0	0110111011001011101000000111000001101110110010011010000001110000	0.96875	0.20346769387409208
164	0	1.0	0110111011001001101000000111000001101110110010011010000001110000	1.0	0.17774283240491173
165	0	1.0	1110111011001001101000000111000000101110100010011010000001110000	0.90625	0.16657241552541913
166	0	1.0	0110111011001001101000000111000001101110110010011010000001110000	1.0	0.16448239059530695
167	0	1.0	0110111011001001101000000111000001101110110010001000000001110000	0.9375	0.16160563065444256
168	0	1.0	0110111011001001101000000110000001101110110010011010000001100000	1.0	0.1707672075861438
169	0	1.0	0110111011001001101000000111000001101110110010011010000001110000	1.0	0.15445121804353876
170	0	1.0	0110111011001001101000000111000000101110110010011010000001100000	0.9375	0.1626630903923518
171	0	1.0	0110111011001001101000000111000001101110110010011010000001110000	1.0	0.16367897164656242
172	0	1.0	1110111011001001101000000111000000101110110010011000000001110000	0.90625	0.16467824938713768
173	0	1.0	0110110011001001101000000111000001101110110010011010000001110000	0.96875	0.16607074187704535
174	0	1.0	0110111011001001101000000111000000101110111010011010000001110000	0.9375	0.1487117733150414
175	0	1.0	0110111011001001101000000111000001101110110010011010000001110000	1.0	0.17054431144596702
176	0	1.0	0110111011001001101000000111001000101110110010011010000001110000	0.9375	0.18196150560320828
177	0	1.0	0110111011001001101000000111000001101110110010011010000001110010	0.96875	0.18696940278634397
178	0	1.0	0110111011001001001000000111010001001110110010011010000001111000	0.875	0.2012087646761301
179	0	1.0	1110111011001001101000000111000011101110110010011010000001110000	1.0	0.19313154952193107
180	0	1.0	0110111011001001001000000111001001101110110010011010000001110000	0.9375	0.18577110163216734
181	0	1.0	0110111011001001101000000111000001101110110010011011000001110000	0.96875	0.18136753465054803
182	0	1.0	0110111011001001101000000111000001101110110010011010000001110000	1.0	0.17850727782988543
183	0	1.0	0110111011001001101000000111000001101110110010011010000001110000	1.0	0.1917081890779416
184	0	1.0	0110111011001001001000000111000000101110110010011010000001110000	0.9375	0.17035554328886146
185	0	1.0	0110111011001001101000000111000001101110110010011010000001110000	1.0	0.1620733402584839
186	0	1.0	0110111011001001101000000111000001101110110010011010000001110000	1.0	0.15032295653953864
187	0	1.0	0110111011001001101000000111000111101110110010011010000001110000	0.9375	0.1659943752505992
188	0	1.0	0110111011001001101000000111000001101110110010011000000001110000	0.96875	0.14100766603360212
189	0	1.0	0110111011001001101000000111000101101110110010011010000001110000	0.96875	0.15852404040750484
190	0	1.0	0110111011001001101000000111000001101110110010011010000101110000	0.96875	0.16408859565276648
191	0	1.0	0110111011011001101000001101000001101110110010011010000001110000	0.90625	0.14111144266562528
192	0	1.0	0110111010001001101000000111000001101110110010011010000001110000	0.96875	0.15513063366622284
193	0	1.0	0110111011001001101000000111000001101110110010011010000001110000	1.0	0.12306941096007487
194	0	1.0	0110111011000001101000000111000001101110110010011010000001110000	0.96875	0.13056326203284527
195	0	1.0	0110110011001001101000000111000001101110110010011010000001110000	0.96875	0.1413485160836929
196	0	1.0	0110111011001001101000000111000001101110110010011010000001110000	1.0	0.14715595380979452
197	0	1.0	0110111011001011101000000111000001101110110010011010000011110000	0.9375	0.14994610143349799
198	0	1.0	0110111011001001001000000111000001101110110010011010000001110000	0.96875	0.14331362541953552
199	0	1.0	0110111011001001101000000110000001101110110010011010000001110000	0.96875	0.14828264224623997
200	0	1.0	0110111011001001101010000111000001101110110010011010100001110000	1.0	0.19778150407712974
201	0	1.0	0110111011001001101001000111000001101110110010011010000011110000	0.9375	0.21754885777654528
202	0	1.0	0110111011001001001000000111000001101110100010011010000011110000	0.90625	0.21690299845428992
203	0	1.0	0110001011001001101000000111001001101110110010011010000001110000	0.90625	0.2093945489186993
204	0	1.0	0110111011001001111000000111000000101110110010011010000001110000	0.9375	0.23822059666476816
205	0	1.0	0110111011001001101000000111000001101110110010011010010001110000	0.96875	0.2376519223653872
206	0	1.0	0110111011001001101000000111000001101110110010011010010001110000	0.96875	0.24467452967447853
207	0	1.0	0110101011001001101000000111000001101110110010011010000001110001	0.9375	0.22895533723650272
208	0	1.0	0110111010001001101000000111000001101110110010011010110001110000	0.90625	0.24631904564809387
209	0	1.0	0110111011001001101000000111000001101110110010011010000001110000	1.0	0.2261153145928975
210	0	1.0	0110111011001001101000000111000001101110110010011010000001110000	1.0	0.2441557130776581
211	0	1.0	0110111011001101101100000111000001100110110010011010000011110000	0.875	0.2502495116387349
212	0	1.0	0110111011001001101001000111000101101110110010011010000001110000	0.9375	0.25479071885464927
213	0	1.0	0110111011001001101000000111000001101110110010011010000001110000	1.0	0.268655347329621
214	0	1.0	0110111011001001111000100111000001101110110010011100010001110100	0.875	0.2560356468501283
215	0	1.0	0100111011001001101100000111000101101110110010011010000001110000	0.90625	0.25304474480492034
216	0	1.0	0110111011001001101000001111000001101110110011011010000001110000	0.9375	0.2595513063868653
217	0	1.0	0110111011001001100000000111000001101110110010011010000001110000	0.96875	0.2645291061991611
218	0	1.0	0110111011001001100000000111000001101110110010011011000001110000	0.9375	0.2648406533455237
219	0	1.0	1110111011001001101000010111000011101110110010011011000001111000	0.90625	0.2551975944010886
220	0	1.0	0110111011001001101000000111000001101110110010011100000001110000	0.9375	0.23474440675959904
221	0	1.0	0110111011001001101001000111000101101110110010011010000001110000	0.9375	0.2217622087833017
222	0	1.0	0110111111001001101000010111000001111110110010010010000001110000	0.875	0.22794728465220113
223	0	1.0	0110111001001001101000000111000001001110110010011010000001110000	0.9375	0.24638019122867122
224	0	1.0	0110111011001001101000000111000001101110111010001010000001110000	0.9375	0.28458994535557586
225	0	1.0	0110111111001001101000010111000001001110110010011010000001110001	0.875	0.2735919605784996
226	0	1.0	0110111111001001101000000111000001101110110010011010000001111000	0.9375	0.2895400874331583
227	0	1.0	0110111011101001111000000111000001101110110010011010000001110000	0.9375	0.2956929264589934
228	0	1.0	0110111011011001101100000111000001101110110010011011000001110000	0.96875	0.2833304163940228
229	0	1.0	0110111011101001101000000111000001101110110010011010000001110000	0.96875	0.2894785751545502
230	0	1.0	0110111011011001101100000111000001101110110010010011000001111000	0.90625	0.2870872509045785
231	0	1.0	0110111011001001101000000111000001101110110010011010000001110000	1.0	0.27342883934913587
232	0	1.0	0110111011101001111000000111000001101110110010011010000001110000	0.9375	0.2968345713018931
233	0	1.0	0110111011101001111000000111000001101110110010011110000001110001	0.9375	0.26151366212875066
234	0	1.0	0110111011001001101000000111000001001110110010011011000001111000	0.90625	0.2874210970488053
235	0	1.0	0110111011001001111000000111010001101110110011011010000001110000	0.90625	0.294570214469569
236	0	1.0	0110111011001001101000000111000000101110110010011010000001110000	0.96875	0.3009678328679354
237	0	1.0	0110111011001001101000000111000001101110110010011010000001110010	0.96875	0.2981221062060009
238	0	1.0	0110111011001001101000000111000001101110110010011010000001110000	1.0	0.2734787342226665
239	0	1.0	0110111011001001101010000111000001101110110010011010000001110000	0.96875	0.25990903935504683
240	0	1.0	0110111011001001101000000111000001101110110010011110000001110000	0.96875	0.24600891611012973
241	0	1.0	0110111011001001101000000111000001101110110010011010000001110000	1.0	0.23827641360736282
242	0	1.0	0110111011001001101000000111000001101110110010011010000001110100	0.96875	0.2509452517853282
243	0	1.0	0110111011001001101000000111000001101110110010011010000001110000	1.0	0.24550501270872688
244	0	1.0	0110111011001001101000010111000001101110110010011010000001110000	0.96875	0.22552727578908172
245	0	1.0	0110111011001001101010000111100011101110110010011010000001111000	0.9375	0.20830765954148284
246	0	1.0	0110111011001001101000000111000001101110110010010010000001110000	0.96875	0.2217793474137792
247	0	1.0	0110111011001001101000000111000001101110110110001010000001110000	0.9375	0.19924942092153794
248	0	1.0	0110111011001001101000000111000001101110110010011010000001110000	1.0	0.20664313888572672
249	0	1.0	0110111011001001101000000111000001101110111110011010000001110000	0.9375	0.20869992118717043
250	0	1.0	0110111011001001101000000110000001101110110010011110000001100000	0.96875	0.19412253909116653
251	0	1.0	0110111011001001101000000111100001101110110010011010000001110000	0.96875	0.19713055312975222
252	0	1.0	0110111011001001101000000111100001101110110010011010000001110000	0.96875	0.2228664408374849
253	0	1.0	0111111011001001101000000111000001001110110010011110000001110000	0.90625	0.22560821127836012
254	0	1.0	0110111011001001101000000111000001101110110011011010000001110000	0.96875	0.24382244468092507
255	0	1.0	0110111011001001101000000111100001101110110010011010000001110000	0.96875	0.23963101504487572
256	0	1.0	0110111011001001101000000111000001111110110010011010000001110000	0.96875	0.2161255986141305
257	0	1.0	0110111011001001101000000111100001101110110010011010000001110000	0.96875	0.229666675257113
258	0	1.0	0110111011001001101010000111100001101110110010011010000001110000	0.9375	0.225551527171195
259	0	1.0	0110111011001001101000000111000001111110110010011010010011110000	0.90625	0.23214869712648234
260	0	1.0	0110111011001001101000000111000000101110110010011010000001110000	0.96875	0.22791819826440848
261	0	1.0	0110111011001001101000000111000000101110110010011010000001110000	0.96875	0.2320500426921398
262	0	1.0	0110111011001001101000000111000001101110010110011010000001110000	0.9375	0.23625457955873216
263	0	1.0	0110111011001001101000000111000001101110010010011010000001110000	0.96875	0.22940893554757658
264	0	1.0	0110111011001001101000000011000101101110010010001010000001110000	0.875	0.23339664689838915
265	0	1.0	0110111011001001101000000111000000101110110010011010000001110000	0.96875	0.2728735778285876
266	0	1.0	0110111011001001101000010101000001101110110010101010000001110000	0.875	0.2757749882152749
267	0	1.0	1110111011001001101000000111000000101110110010011010000001110000	0.9375	0.26781036163709543
268	0	1.0	0100111011001001101100000111100000101110110010011010000001110000	0.875	0.269004536030993
269	0	1.0	0110111011001001101000000111000001101110010010011010000001110000	0.96875	0.2809773601251683
270	0	1.0	0100111011001001101000000111000011111110110010011010000001110000	0.90625	0.270229619204875
271	0	1.0	0110111011001001001000000111000001101110110010011010000001110000	0.96875	0.26711614414184565
272	0	1.0	0110111011001001111000000111000001101110010010011010000001110000	0.9375	0.2870427075897566
273	0	1.0	0110111011001001111000000111000101101110110010011010000001110000	0.9375	0.2783630460377502
274	0	1.0	0010111011001001001000000111000001100110110010011110001001110000	0.84375	0.2878962198404368
275	0	1.0	0110111011001001101000000111000001101110110000111010001001110000	0.90625	0.2845998147980975
276	0	1.0	0110111011001001101000001111000000101010110010011001000001110000	0.84375	0.2910346447434936
277	0	1.0	0110111011001001101010000111000001101100110010011010000001110000	0.9375	0.2935987872986178
278	0	1.0	0110111011001001101000000011000011101110110010011010000001110000	0.9375	0.2658113975091136
279	0	1.0	0110111011001001001000000111000001101110110010011010000001110000	0.96875	0.24625445424515965
280	0	1.0	0100111011000001101001000111000001101110110010011010000001110000	0.90625	0.2357626496639329
281	0	1.0	0110111011001001101000000011000011101110110010011010000000110000	0.96875	0.2180620280466693
282	0	1.0	0110111011001001101000000111000001101110110010011010000001110000	1.0	0.17801153437022807
283	0	1.0	0110111011001001101000000111000001101110110010011010000000110000	0.96875	0.1883382059334945
284	0	1.0	0110111011001001101000000111000001101110110110011010000001110000	0.96875	0.19357434859443298
285	0	1.0	0110111011001001101000000111000001101110110110011010000001110000	0.96875	0.20724539722178986
286	0	1.0	0110111011000001101000000101000001101110110010011010000001110000	0.9375	0.22904252176403184
287	0	1.0	0110111011001001101001000111000001101110110010001010000101110001	0.875	0.24312508922742354
288	0	1.0	0110111111001001101000000111000001101110110010011010000001110000	0.96875	0.2558469326016165
289	0	1.0	0110111111001001101000000111000001101110110010011010000000110000	0.9375	0.25446243132424745
290	0	1.0	0110111011001001101000000111000001101110110010011010000001110000	1.0	0.2677803830736012
291	0	1.0	0110111011001001101000000111000001101110110010011010000001110000	1.0	0.22188794992308675
292	0	1.0	0110111011001001101000000111000001101110110010011010000001110000	1.0	0.21528377692828132
293	0	1.0	0110111011001001101000000111000001101110111010011010000001100000	0.9375	0.21662552021079
294	0	1.0	0110111011001001101000000111000001101110110010011010000001110000	1.0	0.21414421891423768
295	0	1.0	0110101011001001101000000111000001101110110010011010000001110000	0.96875	0.20670922177434498
296	0	1.0	0110111011001001101000000111000001101110110010011010000001110000	1.0	0.2087359105773038
297	0	1.0	0110011011001001101000000111000001101110110010011010000001110000	0.96875	0.22743848231051936
298	0	1.0	0110111011001001101000000111000001100100101010011010000001110000	0.875	0.22255388809986495
299	0	1.0	0110111111001001101000000110000001101111110010011010000001110000	0.96875	0.23614977561655298
300	0	1.0	0110111011001001101000000111000001101110110010011010000001111000	0.96875	0.2620163085058524
301	0	1.0	0110111011001001101000000111000001101110110010011010000001110000	1.0	0.26867580420944437
302	0	1.0	0111111011001001001000000111000001101100110010011010000001110000	0.90625	0.28040807554712643
303	0	1.0	0111111011001001001000000111000001101100110010000010000001111000	0.875	0.2751291496741992
304	0	1.0	0110111011001001101000000101000001101110110010011010000001110000	0.96875	0.2752200618550081
305	0	1.0	0110111011001001101000000111000001101110110010011010000001110000	1.0	0.28036853688057706
306	0	1.0	0110110011001001001000000111000001101110110010011010000001110000	0.9375	0.2510652291208222
307	0	1.0	0110111011001001101000000111100001001110110010011010000001110000	0.9375	0.24349621803496846
308	0	1.0	0110111011001001101000000111000001101110110010011010001001110000	0.96875	0.2326784500844713
309	0	1.0	0110111011001000101000000111000001101010110010000010000001110000	0.9375	0.23538603983731432
310	0	1.0	0110111011001001001000000111000001101110110000011010000001110000	0.9375	0.22822487694520666
311	0	1.0	0110111111011001101000000111010001101110110010011010100011110000	0.84375	0.223007868625753
312	0	1.0	0110111111011001101000000111000001101110110010011010000001110000	0.9375	0.2050372654698898
313	0	1.0	0110111011001001101001000111000001101110110010011010000001110000	0.96875	0.2271040285306427
314	0	1.0	0110111011001001101000000111000001101110110010011010000001110000	1.0	0.23643368643242613
315	0	1.0	0110111011001001101001000111000001101010110010011010000001110000	0.9375	0.2187335509746748
316	0	1.0	0110111011001001101001000111000001101010110010011010010001110000	0.96875	0.19614476329923156
317	0	1.0	0110111011001001101000000111000001101110110010011010000001110000	1.0	0.1815065151821019
318	0	1.0	0110111011001001101000000111000001101110111010011010000001110000	0.96875	0.1550624099694608
319	0	1.0	0110111011001001101000000111000001101110110010011010000001110000	1.0	0.14126696546231024
320	0	1.0	0110111011001001101000000111000001101110110010011010000001110000	1.0	0.1553789271679019
321	0	1.0	0110111011001001101000000111000001101110110010011010000001110000	1.0	0.15571040410537054
322	0	1.0	0110111011001001101000001111000001101100110010011010000001110000	0.9375	0.14116173608314558
323	0	1.0	0110111011001001101010000111000001101110110010011010000001110000	0.96875	0.16741796118776187
324	0	1.0	0110111011001001101000000111000001101010110010011010000001110000	0.96875	0.16389996742743634
325	0	1.0	0110111011001001101000000111000001101110110010011010000001100000	0.96875	0.1542279457017893
326	0	1.0	0110111011001001101000000111000001101110110010011010000001110000	1.0	0.13459672240510157
327	0	1.0	0110111011001001101000000111000001101110110010011010000001110000	1.0	0.13780113564835927
328	0	1.0	0110111011001001101000000111000001101110110010011010000001110000	1.0	0.13366598126274531
329	0	1.0	0110111011001001101000100111000001101110110010011010000001110000	0.96875	0.1405308198854124
330	0	1.0	0110111011001001100000000111000001101110110010011110000001110000	0.9375	0.1287506166379003
331	0	1.0	0110111011001001101000000111000001101110110010011010100001110000	0.96875	0.12925136682095323
332	0	1.0	0110111011001001101000100111000001101110110010011010000001110000	0.96875	0.13408500355539696
333	0	1.0	0110111011001001101000000111000001101110110010011010000001110000	1.0	0.13099984373774778
334	0	1.0	0110111011001001101000000111000001101110110011011010000001110000	0.96875	0.1407921545665132
335	0	1.0	0110111011001001101000000111000001101110110010011010000001010000	0.96875	0.14177420184618697
336	0	1.0	0110111011001001101000000111000001101110110010011010000001110100	0.96875	0.16084699751216183
337	0	1.0	0110111011001001101000000011000001101110110010011010000001110000	0.96875	0.12800375345465
338	0	1.0	0110111011001001101000000111000001101110110010011010000001110000	1.0	0.13089993066684727
339	0	1.0	0110111011001001101000000111000001101110110010011010000001110000	1.0	0.14050630638726114
340	0	1.0	0110111011001001101000000111000001101110110010011010000001110000	1.0	0.14776465242423933
341	0	1.0	0110111011001001101000000111000001101110110010011010000001110000	1.0	0.13024656309653718
342	0	1.0	0110111011001001101000000111000001101110110010011010000001110000	1.0	0.1367252806417953
343	0	1.0	0110111011001001101000000111000001101110110010011010000001110000	1.0	0.1238926082138886
344	0	1.0	0110111011000001101000000111000001101110110010011010000001110000	0.96875	0.1217982682195278
345	0	1.0	0110111011001001101000000111000001101110110010011010000001110000	1.0	0.11810610182007919
346	0	1.0	0110111011001001101000000111000001101110110010011010000001110000	1.0	0.1304010659931289
347	0	1.0	0110111011001001101000000111000001101110110010011010000001110000	1.0	0.11687560388477758
348	0	1.0	0110111011001001101000000111000001101110110010010010000001110000	0.96875	0.1306816727051232
349	0	1.0	0110111011001001101000000111000001101110110010011010000001110000	1.0	0.12751685386444883
350	0	1.0	0110111011001001101000000111000001101110110010011010000001110000	1.0	0.11998590023685808
351	0	1.0	0110111011001001101000000111000001101110110010011010000001110000	1.0	0.08827519526702311
352	0	1.0	0110111011001001101000000111000001101110110010011010001001110000	0.96875	0.10750631156309579
353	0	1.0	0110111011000001101000000111000001101110110010011010000001110000	0.96875	0.1449391729672592
354	0	1.0	0110111011001001101000000111000001101110110010011010000001110000	1.0	0.14652810348964732
355	0	1.0	0110111011001001101000000111000001101110110010011010000001110000	1.0	0.16261514559113135
356	0	1.0	0110111011001001101000000111000001101110110010011010000001110000	1.0	0.17570854869409358
357	0	1.0	0110111011001001101000000111000001101110110010011010000001110000	1.0	0.16538428264859542
358	0	1.0	0110111011001001101000000111000001101110010010011110000001110000	0.9375	0.15973146346539824
359	0	1.0	0110111011101001101000000111000001101110110010011010000001110000	0.96875	0.1714362408726968
360	0	1.0	0110111011001001101001000111000001101110110010011010000001110000	0.96875	0.16414824624310922
361	0	1.0	0110111011001001101000000111000001101110110011011010000001110000	0.96875	0.175911614143741
362	0	1.0	0110111011001001101000000111000001101110110010011110000001110000	0.96875	0.1734305958360962
363	0	1.0	0110111011001001101000000111000001101110110010011110000001110000	0.96875	0.18935868226900493
364	0	1.0	0110111011001001101000000111000000101110110010011010000001110000	0.96875	0.173473454674473
365	0	1.0	0010111011001001101000000111000001101110110011011010000001110000	0.9375	0.14730540205629547
366	0	1.0	0110111011001001101000000111000001101110110010011010000001110000	1.0	0.14824673355722054
367	0	1.0	0110111011001001101000000111000011101110110010011010100001110000	0.9375	0.16564395851316255
368	0	1.0	0110111011001001101000000111000001101010110010011010000001110100	0.9375	0.17809412959859158
369	0	1.0	0110111011001001001000000111000001101110110010011010000001110000	0.96875	0.2035967597260975
370	0	1.0	0110111011101001101000000111000001001110110010011010000001110000	0.9375	0.18910721887843213
371	0	1.0	0110111011001001101000000111000011101110110010011010000001110000	0.96875	0.1871787888985289
372	0	1.0	0110111011001001001000000111000001101110110010011010000001110100	0.9375	0.2064344694214458
373	0	1.0	0110111011001001101000000111000001101110110010011010000001110000	1.0	0.23008215570332066
374	0	1.0	0110111011001001101000000111000001101110110010011010000001110000	1.0	0.2208980084917861
375	0	1.0	0110111011001001101000000111100001101010110011011010000001110000	0.90625	0.22594883204736047
376	0	1.0	0110111011001001101000000111000001101110110010011010000001110000	1.0	0.23491736781669606
377	0	1.0	0110111011001001101000000111000001101110110010011010000001110000	1.0	0.2330195714635556
378	0	1.0	0110111011001001101000000111010001101110110010011010000001110000	0.96875	0.20719249668093767
379	0	1.0	0110111011001001101000000111000001101110110010011010000001110000	1.0	0.19941791638851566
380	0	1.0	1010111011001001101000000111000001101110110010011010000001110000	0.9375	0.1996395874970681
381	0	1.0	0110111011001001101000000111000001101110100010011010000001110000	0.96875	0.20973258534416706
382	0	1.0	0110111011001001101000000111010000101110110010011010000001110000	0.9375	0.21327357189451054
383	0	1.0	1110111011001001101010000111000001101110110010011010000001110000	0.9375	0.21958376100093577
384	0	1.0	0110111011001001101000000111000001101110110010011010000001110000	1.0	0.22264226447076835
385	0	1.0	0110111011001001101000000111000001101110110010011110000001110000	0.96875	0.21475168080827559
386	0	1.0	0110111011001001101000000011000001101110110010011010000000110000	1.0	0.23263288082957137
387	0	1.0	0110111011001001101000000111000001101110100010011111000001110000	0.90625	0.2295996651230457
388	0	1.0	0110111011001011101000000111000001101110110010011010001001100000	0.90625	0.2375199911612406
389	0	1.0	0110111010001001101000000111100001101110110010011010000001110000	0.9375	0.25621050873615414
390	0	1.0	0110111010001001101000000111100001101110110010011010000001110000	0.9375	0.24153485221676185
391	0	1.0	0110111010001001100000000111000001101110110010011010000001110000	0.9375	0.2559497228746075
392	0	1.0	0110111011001101101000000111000001101110110010011010000001110000	0.96875	0.2574491475741346
393	0	1.0	0110111011001000101000000011001001101110110010011010000001111000	0.875	0.26364026829924636
394	0	1.0	0110111111001001101000000111000001101100110010011010000001110000	0.9375	0.24967526261367085
395	0	1.0	0110111111001001100000000111000001101110110010011010000001110000	0.9375	0.24468040855794845
396	0	1.0	0110011011001001101000000111000001101110110010011010000001110000	0.96875	0.24657177779972633
397	0	1.0	0110101011001001101000000111000001101110110010011010000001110000	0.96875	0.2438787590947268
398	0	1.0	0110111011001001101000000111000001101110110010011010000001110000	1.0	0.2225106129097995
399	0	1.0	0110111011001001101000000111000011101110110010011010000001110000	0.96875	0.1952584853295726
400	0	1.0	0110111011001001101000000111000001101110110010011010000001110000	1.0	0.18879426505545804
401	0	1.0	0110111011001001101000000111000001101110110010111010000101110000	0.9375	0.20534659878448394
402	0	1.0	0110111011001001101000000111000001101111110010010010000001110000	0.9375	0.2255309137080213
403	0	1.0	0110111011001001100000000111000001101110110010011000000001111000	0.96875	0.22535526698456357
404	0	1.0	0110111011001001101000000111000001101100110010011010000001110000	0.96875	0.22162618041965196
405	0	1.0	0110111011001001101000000111000001101100110011011011000001110000	0.90625	0.20834375580771888
406	0	1.0	0110111011001001101000000111000001101111110010010010000011110000	0.90625	0.20918790088403938
407	0	1.0	0110111011001001101000000111001001101100110000011010000001110000	0.90625	0.2095145005587929
408	0	1.0	0110111011001001101001000111010001101110110010011010000001110000	0.9375	0.167037017260577
409	0	1.0	0110111011001001111000000111000001101100110010011010000001110000	0.9375	0.19038591191656598
410	0	1.0	0110111011001001101000000111000001101110110010011010000001110000	1.0	0.1869549251925698
411	0	1.0	0110111011001001101000000111000001101100110010011010000011110000	0.9375	0.19165247021865273
412	0	1.0	0110111011001001101000000111000001100100110010011011000001110000	0.90625	0.19664528967245257
413	0	1.0	0110110011001000101000000111000001101100110010011000000001110000	0.9375	0.23594295671699628
414	0	1.0	0110111011001001101000000111010001101110110010011010000000100000	0.90625	0.2618679432857121
415	0	1.0	0110111111001001101000000111000001101110110010011010000001110000	0.96875	0.2677711497521102
416	0	1.0	1110111011001001101000000111000001101110110010011010000001110000	0.96875	0.28232036014924916
417	0	1.0	0110111011001001101000000111000001101110110010011000000001110000	0.96875	0.27691328803104776
418	0	1.0	0110111011001001101000000111010011101110100010011010000001110000	0.90625	0.28422081293899437
419	0	1.0	1110111011001001001000000111000101111100110010010010000001111000	0.84375	0.2989639344661757
420	0	1.0	1110111111001001101000000111000001101110110011011010000001110000	0.90625	0.29600287809825243
421	0	1.0	0110111111001001101000000111000001101110110011011010000001110000	0.9375	0.2978718311693309
422	0	1.0	0110111011001001101000000111000001101110110011011010000001110000	0.96875	0.30706893346634234
423	0	1.0	0110111011001001101000000110000011101110110010011010000101110000	0.90625	0.27272169832084964
424	0	1.0	1110111011001001101001000111000101101110110010011010000001110000	0.90625	0.27666166969022116
425	0	1.0	0110111011001101101000000111000101101110110011011010000001110000	0.96875	0.28056043512291373
426	0	1.0	0110111011001001101000000111000001101110110010011010000001110000	1.0	0.2749849959765542
427	0	1.0	0110111011001001101000001111000011101110110010011010000001110000	0.9375	0.245140013271319
428	0	1.0	0110111011001001101000100111000001101110110010011010000001111000	0.9375	0.26126714776614485
429	0	1.0	0110111011001001101000000111000001101110110010011000000001110000	0.96875	0.24798169570694928
430	0	1.0	0110111011001001100000110111000101101110110010011010000001110000	0.875	0.25453275894181876
431	0	1.0	1110111011001001101100000111000001101110110010011010000001110000	0.9375	0.2632098240652375
432	0	1.0	0010111011001001101000001111000011101110110010011010000001100000	0.875	0.2344041542360031
433	0	1.0	0110111011001001101000000111000001101110110010011010000001110000	1.0	0.22159010763772513
434	0	1.0	0110111011001001101000000111000001101110100010011010000001110000	0.96875	0.19924842968490883
435	0	1.0	0110111010001001101000000111000001101110100000011010000001110000	0.96875	0.19667287161477506
436	0	1.0	0110111011001001101000000111000001101010100010011010000001110000	0.9375	0.19795092632546216
437	0	1.0	0110111011001001101000000111000001101110110010011010000001110000	1.0	0.20553101358324402
438	0	1.0	0110111011001001111000100111000001101110110010011010000001110000	0.9375	0.1954574081417665
439	0	1.0	0110111011001001101000000111000001101110110010011010000001110000	1.0	0.19065815638598788
440	0	1.0	0110111011001001101000000111000101101110110010011010000001110000	0.96875	0.19754364233039473
441	0	1.0	0110111011001001111000000111000101101110110010011010000001110000	0.9375	0.22415667763492525
442	0	1.0	0010111011001001111000000111000001101110110010011010000001110000	0.9375	0.21036244472049453
443	0	1.0	0110111011001001101000000111000001101110100010011010000001110000	0.96875	0.1922665718714703
444	0	1.0	0110111011001001101000000111000001101110100010011010000000110000	0.9375	0.18869021447960369
445	0	1.0	0110111011001001101000000101001001101110110010011010000001110000	0.9375	0.1980195188812933
446	0	1.0	0110111011001001101000000111000001101110110010011010000001110000	1.0	0.21441174592951204
447	0	1.0	0110111011001001101000000111000001101110110011011010000001110000	0.96875	0.20674501295374842
448	0	1.0	0110111011001001101000000111000001101110110010011010000001110000	1.0	0.22172535572615515
449	0	1.0	0110110011001001101000000111000001101110110000011010000001110000	0.9375	0.20855394061364327
450	0	1.0	0110111011001001101000000111000001101110010010011010000001110000	0.96875	0.20250081717594623
451	0	1.0	0110111011001001101010000111000001101110110010011010100001110000	1.0	0.20643755291633845
452	0	1.0	0110111011001001101000000111000001101110110010001010000001110000	0.96875	0.17261716286867734
453	0	1.0	0110011011001001101000000111000001101110110010011010000001110000	0.96875	0.19482265994062284
454	0	1.0	0110111011001001101000000111000001101110110010011010011001110000	0.9375	0.17212403905681262
455	0	1.0	0110111011001001101000000111000001001110110010011010000001110000	0.96875	0.2001609150816817
456	0	1.0	0110111011001001101000000111000001101110110010011010000101110000	0.96875	0.20097806970584725
457	0	1.0	0110111011001001101000000111000001101110110010011010000001110100	0.96875	0.17567915948372934
458	0	1.0	0110111011001001101000010111000001001110110011011010011001110000	0.84375	0.16729519282408728
459	0	1.0	0110111010001001101010000111000001101110110010011010000001110100	0.90625	0.14582630922078876
460	0	1.0	0110111011001001101000000111000001101110010010011010000001110000	0.96875	0.16077411888918053
461	0	1.0	0110111111001001101000000111000001101110110010011000000001110000	0.9375	0.18871590247193815
462	0	1.0	0110111011101001101000000111000001101110110010011010000001100000	0.9375	0.19861218625297003
463	0	1.0	0110111011001001101000000111010001101110110010011010000001110100	1.0	0.21204173127831
464	0	1.0	0110111011001001101000000111010001101110110010011010000001110100	1.0	0.22354387269922432
465	0	1.0	0110111011001001101011000111000001101110110010011010011001110000	0.9375	0.21823936484497244
466	0	1.0	0110111011001001101000000111100001101110110010011010000001111000	1.0	0.2271078526791292
467	0	1.0	0110111011001001101000000111000111101110110010011010000001110000	0.9375	0.22533641396608386
468	0	1.0	0110111011001001101000100111000001101110010110011010000011110001	0.84375	0.22679336780497433
469	0	1.0	0110111011001001101000000110010001101110110010011010000001110100	0.96875	0.2224010042345924
470	0	1.0	0110111011001001001000000111100001101110110010011010000001111000	0.96875	0.2451113841832804
471	0	1.0	0110111011001001001000000111100001101110010010011010000001111000	0.9375	0.2629702389651142
472	0	1.0	0110111111001001101000000111000001101110110010111010000001110000	0.9375	0.2790002279778891
473	0	1.0	0110111011001001111010000111000001101010110010111010000001110000	0.875	0.28194398363882595
474	0	1.0	0110111010000001101010000111000001101110110001011010000001110100	0.875	0.3017158960262136
475	0	1.0	0110111111001001101000001111010001101110110010011000000001110000	0.875	0.3098180594345908
476	0	1.0	0110111010001001100000000111010001101110110010011010000001110100	0.9375	0.31144310076444626
477	0	1.0	0110111011001001101010000111000001001110110010011000000001010000	0.875	0.30940942584990094
478	0	1.0	0110111011001001101000000111010001101110110010011010000001110100	1.0	0.2884247936284404
479	0	1.0	0110111011001001101000000111001001101110110010011010000001110000	0.96875	0.30640454681186724
480	0	1.0	0110111011001001101000000111000001101101110010011000000001110000	0.90625	0.3235211409344752
481	0	1.0	0110111011001001101000000111010001101110110010000010000001110101	0.90625	0.33401793297317856
482	0	1.0	0110111011001001101000000111010001101110110010011010010001110100	0.96875	0.30824087638003067
483	0	1.0	0110111011001001101000000111010001101110110010011010010001110100	0.96875	0.29467289470544145
484	0	1.0	0110111011001001101001000111010001101110110010011010010001110100	1.0	0.26485329210611946
485	0	1.0	0110111011001001101001000111010001101110110010011010010001110100	1.0	0.25103838364803327
486	0	1.0	0110111011001001001000000111001001101110110010011000000001110000	0.90625	0.2657995269141853
487	0	1.0	0110111011001001101001000111010001101110110010011010010001110100	1.0	0.27252692970063586
488	0	1.0	0110111011001001101001000111010001101110110010011110010001110100	0.96875	0.2875360460180019
489	0	1.0	0110111011001001101000000111010001101110110010011010010001110100	0.96875	0.28546874464397337
490	0	1.0	0110111011001001001000000111010000101110110010011010010001110100	0.90625	0.2874305015407509
491	0	1.0	0110111011001001101001010111010001101110100110011010010001110100	0.90625	0.3016854556000976
492	0	1.0	0110111011001001101000000111010001101110110010011010010001110100	0.96875	0.27616488095949565
493	0	1.0	0110111011001001001001000111010001101110110010011010010001110100	0.96875	0.2632665582075756
494	0	1.0	0110111001001001101000000111010001101110110010011010010001110100	0.9375	0.25321724232711545
495	0	1.0	0110111011001001101000000111010101101110110010011010010001110100	0.9375	0.23519504080860448
496	0	1.0	0110111001001001101000000111010001101110110010010010010001110100	0.90625	0.23704464053640745
497	0	1.0	0010111011011001101001000111010001101110110010011010110001100100	0.875	0.24020157157713912
498	0	1.0	0110111011111001101001000111010001101110110010011110010001110100	0.90625	0.261994139419708
499	0	1.0	0110011011001001100000000111010001101110110010011000000001110000	0.9375	0.27812438190882066
